00001000000000000000000000010101
00101000100100000000000000000001
00010010000000000000000000000010
00100000101001000000000000000001
00000011111000000000000000001000
00101000101100000000000000000001
00010010000000000000000000000011
00100000100001001111111111111111
00100000000001010000000000000001
00001000000000000000000000000001
00100000100001101111111111111111
00100000101001011111111111111111
10101111101001100000000000000000
10101111101111110000000000000100
00100011101111010000000000001000
00001100000000000000000000000001
00100011101111011111111111111000
10001111101111110000000000000100
00000000100000000010100000100000
10001111101001000000000000000000
00001000000000000000000000000001
00100011101111010001000000000000
00100000000001000000000000000010
00100000000001010000000000000100
10101111101111110000000000000100
00100011101111010000000000001000
00001100000000000000000000000001
00100011101111011111111111111000
10001111101111110000000000000100
10101111101111110000000000000100
00100011101111010000000000001000
00100011101111011111111111111000
10001111101111110000000000000100
