00001000000000000000000000101110
00100000100100010000000000000000
00100011100001000000000000000000
00010100000100010000000000000001
00000011111000000000000000001000
10101111100001010000000000000000
00100010001100011111111111111111
00100011100111000000000000000100
00001000000000000000000000000011
00100000100100010000000000000000
00100011100001000000000000000000
00010100000100010000000000000001
00000011111000000000000000001000
11100111100000000000000000000000
00100010001100011111111111111111
00100011100111000000000000000100
00001000000000000000000000001011
00111100000100010100000011000000
01000100100100011111000000000000
01000110000111110000011101000000
01000110000000001110111101000010
01000110000000001110111101000010
01000110000111101110111101000011
01000110000111010000000000000001
00000011111000000000000000001000
00111100000100010011111110000000
01000100100100011111000000000000
00111100000100010011111100000000
01000100100100011110100000000000
01000110000000000000000000000000
01000110000111010000000000000010
01000110000000001111000000000001
00000011111000000000000000001000
00111100000100010100000001000000
01000100100100011111000000000000
01000110000111110000011101000000
01000110000000001110111101000010
01000110000000001110111101000010
01000110000111101110111101000011
01000110000111010000000000000001
00000011111000000000000000001000
01000110000111110000010000111110
00010100000100000000000000000001
00000011111000000000000000001000
01000110000000001111100000000001
00000011111000000000000000001000
00100011101111010001000000000000
00100011100111000010000000000000
00111100000100011011111110100110
00110110001100010110011001100110
01000100100100010000000000000000
10101111101111110000000000000100
00100011101111010000000000001000
00100011101111011111111111111000
10001111101111110000000000000100
