00001000000000000000000000111010
00100000100100010000000000000000
00100011100001000000000000000000
00010100000100010000000000000001
00000011111000000000000000001000
10101111100001010000000000000000
00100010001100011111111111111111
00100011100111000000000000000100
00001000000000000000000000000011
00100000100100010000000000000000
00100011100001000000000000000000
00010100000100010000000000000001
00000011111000000000000000001000
11100111100000000000000000000000
00100010001100011111111111111111
00100011100111000000000000000100
00001000000000000000000000001011
00111100000100010100000011000000
01000100100100011111000000000000
01000110000111110000011101000000
01000110000000001110111101000010
01000110000000001110111101000010
01000110000111101110111101000011
01000110000111010000000000000001
00000011111000000000000000001000
00111100000100010011111110000000
01000100100100011111000000000000
00111100000100010011111100000000
01000100100100011110100000000000
01000110000000000000000000000000
01000110000111010000000000000010
01000110000000001111000000000001
00000011111000000000000000001000
00111100000100010100000001000000
01000100100100011111000000000000
01000110000111110000011101000000
01000110000000001110111101000010
01000110000000001110111101000010
01000110000111101110111101000011
01000110000111010000000000000001
00000011111000000000000000001000
01000110000111110000010000111110
00010100000100000000000000000001
00000011111000000000000000001000
01000110000000001111100000000001
00000011111000000000000000001000
00010100000001000000000000000010
00000000101000000010000000100000
00000011111000000000000000001000
00000000101001001000000000101010
00010010000000000000000000000101
00000000100001010010000000100010
00000000000001011011000000100000
00000000000001000010100000100000
00000000000101100010000000100000
00001000000000000000000000101110
00000000101001000010100000100010
00001000000000000000000000101110
00100011101111010001000000000000
00100011100111000010000000000000
00100000000001000101010001100000
00111100000001010000000000000101
00110100101001010010011001011100
10101111101111110000000000000100
00100011101111010000000000001000
00001100000000000000000000101110
00100011101111011111111111111000
10001111101111110000000000000100
10101111101111110000000000000100
00100011101111010000000000001000
00100011101111011111111111111000
10001111101111110000000000000100
