00001000000000000000000110010000
00100000100100010000000000000000
00100011100001000000000000000000
00010100000100010000000000000001
00000011111000000000000000001000
10101111100001010000000000000000
00100010001100011111111111111111
00100011100111000000000000000100
00001000000000000000000000000011
00100000100100010000000000000000
00100011100001000000000000000000
00010100000100010000000000000001
00000011111000000000000000001000
11100111100000000000000000000000
00100010001100011111111111111111
00100011100111000000000000000100
00001000000000000000000000001011
00111100000100010011111000101010
00110110001100011010101010101100
01000100001100010000000100000000
01000100001000000000110000000010
01000100001000000000110000000010
01000100001000000000110000000010
01000100000000010000110000000001
00111100000100010011110000001000
00110110001100011000011001100110
01000100010100010000000100000000
01000100010000000001010000000010
01000100010000000001010000000010
01000100010000000001010000000010
01000100010000000001010000000010
01000100010000000001010000000010
01000100001000100000110000000000
00111100000100010011100101001101
00110110001100010110010010110101
01000100010100010000000100000000
01000100010000000001010000000010
01000100010000000001010000000010
01000100010000000001010000000010
01000100010000000001010000000010
01000100010000000001010000000010
01000100010000000001010000000010
01000100010000000000010000000010
01000100001000000000010000000001
00000011111000000000000000001000
00111100000100010011111110000000
00110110001100010000000000000000
01000100001100010000000100000000
00111100000100010011111100000000
00110110001100010000000000000000
01000100010100010000000100000000
01000100010000000001010000000010
01000100010000000001010000000010
01000100001000100000110000000001
00111100000100010011110100101010
00110110001100011010011110001001
01000100010100010000000100000000
01000100010000000001010000000010
01000100010000000001010000000010
01000100010000000001010000000010
01000100010000000001010000000010
01000100001000100000110000000000
00111100000100010011101010110011
00110110001100011000000011111111
01000100010100010000000100000000
01000100010000000001010000000010
01000100010000000001010000000010
01000100010000000001010000000010
01000100010000000001010000000010
01000100010000000001010000000010
01000100010000000000010000000010
01000100001000000000010000000001
00000011111000000000000000001000
00111100000100010100000001001001
00110110001100010000111111011011
01000100001100010000000100000000
01000100000000011000010000111100
00010000000100000000000000010011
00111100000100010011111111001001
00110110001100010000111111011011
01000100010100010000000100000000
01000100000000101000010000111100
00010000000100000000000000001011
00111100000100010011111101001001
00110110001100010000111111011011
01000100001100010000000100000000
01000100001000001000010000111100
00010000000100000000000000000101
00111100000100010011111111001001
00110110001100010000111111011011
01000100001100010000000100000000
01000100001000000000010000000001
00001000000000000000000000101101
00001000000000000000000000010001
01000100001000000000010000000001
10001110111101100000000000000000
00000010110000000000000000001000
01000100000000010000010000000001
10101111101111110000000000000100
00100011101111010000000000001000
10001110111101100000000000000000
00111100000111110000000000000000
00110111111111110000000001101000
00000010110000000000000000001000
00100011101111011111111111111000
10001111101111110000000000000100
01000111111000000000010000000001
00000011111000000000000000001000
00111100000100010100000001001001
00110110001100010000111111011011
01000100001100010000000100000000
01000100000000011000010000111100
00010000000100000000000000011011
00111100000100010011111111001001
00110110001100010000111111011011
01000100010100010000000100000000
01000100000000101000010000111100
00010000000100000000000000001011
00111100000100010011111101001001
00110110001100010000111111011011
01000100001100010000000100000000
01000100001000001000010000111100
00010000000100000000000000000101
00111100000100010011111111001001
00110110001100010000111111011011
01000100001100010000000100000000
01000100001000000000010000000001
00001000000000000000000000010001
00001000000000000000000000101101
01000100001000000000010000000001
10101111101111110000000000000100
00100011101111010000000000001000
10001110111101100000000000000000
00111100000111110000000000000000
00110111111111110000000010001000
00000010110000000000000000001000
00100011101111011111111111111000
10001111101111110000000000000100
01000111111000000000010000000001
00000011111000000000000000001000
01000100000000010000010000000001
10101111101111110000000000000100
00100011101111010000000000001000
10001110111101100000000000000000
00111100000111110000000000000000
00110111111111110000000010010011
00000010110000000000000000001000
00100011101111011111111111111000
10001111101111110000000000000100
01000111111000000000010000000001
00000011111000000000000000001000
00111100000100010011111010101010
00110110001100011010101010011111
01000100001100010000000100000000
01000100001000000000110000000010
01000100001000000000110000000010
01000100001000000000110000000010
01000100000000010000110000000001
00111100000100010011111001001100
00110110001100011100110011001101
01000100010100010000000100000000
01000100010000000001010000000010
01000100010000000001010000000010
01000100010000000001010000000010
01000100010000000001010000000010
01000100010000000001010000000010
01000100001000100000110000000000
00111100000100010011111000010010
00110110001100010100100100100101
01000100010100010000000100000000
01000100010000000001010000000010
01000100010000000001010000000010
01000100010000000001010000000010
01000100010000000001010000000010
01000100010000000001010000000010
01000100010000000001010000000010
01000100010000000001010000000010
01000100001000100000110000000001
00111100000100010011110111100011
00110110001100011000111000111000
01000100010100010000000100000000
01000100010000000001010000000010
01000100010000000001010000000010
01000100010000000001010000000010
01000100010000000001010000000010
01000100010000000001010000000010
01000100010000000001010000000010
01000100010000000001010000000010
01000100010000000001010000000010
01000100010000000001010000000010
01000100001000100000110000000000
00111100000100010011110110110111
00110110001100011101011001101110
01000100010100010000000100000000
01000100010000000001010000000010
01000100010000000001010000000010
01000100010000000001010000000010
01000100010000000001010000000010
01000100010000000001010000000010
01000100010000000001010000000010
01000100010000000001010000000010
01000100010000000001010000000010
01000100010000000001010000000010
01000100010000000001010000000010
01000100010000000001010000000010
01000100001000100000110000000001
00111100000100010011110101110101
00110110001100011110011111000101
01000100010100010000000100000000
01000100010000000001010000000010
01000100010000000001010000000010
01000100010000000001010000000010
01000100010000000001010000000010
01000100010000000001010000000010
01000100010000000001010000000010
01000100010000000001010000000010
01000100010000000001010000000010
01000100010000000001010000000010
01000100010000000001010000000010
01000100010000000001010000000010
01000100010000000001010000000010
01000100010000000000010000000010
01000100001000000000010000000000
00000011111000000000000000001000
00111100000100010000000000000000
00110110001100010000000000000000
01000100001100010000000100000000
01000100000000011000010000111100
00010000000100000000000000001000
01000111111000000000010000000001
10101111101111110000000000000100
00100011101111010000000000001000
00001100000000000000000011100000
00100011101111011111111111111000
10001111101111110000000000000100
01000111111000000000010000000001
00000011111000000000000000001000
00111100000100010011111011100000
00110110001100010000000000000000
01000100001100010000000100000000
01000100000000011000010000111100
00010000000100000000000000000001
00001000000000000000000010010111
00111100000100010100000000011100
00110110001100010000000000000000
01000100001100010000000100000000
01000100000000011000010000111100
00010000000100000000000000010101
00111100000100010011111101001001
00110110001100010000111111011011
01000100001100010000000100000000
00111100000100010011111110000000
00110110001100010000000000000000
01000100010100010000000100000000
01000100000000100001010000000001
00111100000100010011111110000000
00110110001100010000000000000000
01000100011100010000000100000000
01000100000000110000010000000000
01000100010000000000010000000011
11100111101000010000000000000000
10101111101111110000000000001100
00100011101111010000000000010000
00001100000000000000000010010111
00100011101111011111111111110000
10001111101111110000000000001100
11000111101000010000000000000000
01000100001000000000010000000000
00000011111000000000000000001000
00111100000100010011111111001001
00110110001100010000111111011011
01000100001100010000000100000000
00111100000100010011111110000000
00110110001100010000000000000000
01000100010100010000000100000000
01000100010000000000010000000011
11100111101000010000000000001000
10101111101111110000000000010100
00100011101111010000000000011000
00001100000000000000000010010111
00100011101111011111111111101000
10001111101111110000000000010100
11000111101000010000000000001000
01000100001000000000010000000001
00000011111000000000000000001000
01000100000111111000010000111100
00010100000100000000000000000001
00000011111000000000000000001000
01000111111000000000010000000001
00000011111000000000000000001000
01000100000000000000010000000000
00000011111000000000000000001000
00010100000001000000000000000010
00100000000001000000000000000001
11111100000001000000000000000000
01000100010000110001010000000001
01000100010001000001010000000000
11100111101001000000000000000000
10101111101001000000000000001000
11100111101000100000000000010000
11100111101001010000000000011000
11100111101000010000000000100000
10101111101111110000000000101100
00100011101111010000000000110000
00001100000000000000000100100010
00100011101111011111111111010000
10001111101111110000000000101100
11000111101000010000000000100000
01000100000000010000010000000010
11000111101001010000000000011000
01000100000001010000110000000000
11000111101000000000000000010000
01000100000000000001010000000010
01000100001000010001110000000010
01000100010000110010010000000000
00111100000100010100000010000000
00110110001100010000000000000000
01000100110100010000000100000000
01000100110001001000010000111100
00010000000100000000000000000010
00100000000001000000000000000000
11111100000001000000000000000000
10001111101001000000000000001000
00100000100001001111111111111111
11000111101001000000000000000000
00001000000000000000000100100100
00101000100100000000000110010000
00010000000100000000000000110111
10101111101001000000000000000000
10101111101001010000000000000100
01000100100000000000010000000111
10101111101111110000000000001100
00100011101111010000000000010000
00001100000000000000000100100010
00100011101111011111111111110000
10001111101111110000000000001100
00111100000100010100001111001000
00110110001100010000000000000000
01000100001100010000000100000000
01000100000000010000010000000011
00111100000100010011111111000000
00110110001100010000000000000000
01000100001100010000000100000000
01000100000000010000010000000001
10001111101001000000000000000100
11100111101000000000000000001000
01000100100000000000010000000111
10101111101111110000000000010100
00100011101111010000000000011000
00001100000000000000000100100010
00100011101111011111111111101000
10001111101111110000000000010100
00111100000100010100001111001000
00110110001100010000000000000000
01000100001100010000000100000000
01000100000000010000010000000011
00111100000100010011111110000000
00110110001100010000000000000000
01000100001100010000000100000000
01000100000000010010110000000001
00100000000001000000001111101000
00111100000100010000000000000000
00110110001100010000000000000000
01000100000100010000000100000000
00111100000100010000000000000000
00110110001100010000000000000000
01000100001100010000000100000000
00111100000100010000000000000000
00110110001100010000000000000000
01000100010100010000000100000000
00111100000100010000000000000000
00110110001100010000000000000000
01000100011100010000000100000000
11000111101001000000000000001000
10101111101111110000000000010100
00100011101111010000000000011000
00001100000000000000000100100100
00100011101111011111111111101000
10001111101111110000000000010100
10001111101001000000000000000000
00100000100001000000000000000001
10001111101001010000000000000100
00001000000000000000000101000110
00000011111000000000000000001000
00101000100100000000000110010000
00010000000100000000000000001101
00100000000001010000000000000000
10101111101001000000000000000000
00000000000001011011000000100000
00000000000001000010100000100000
00000000000101100010000000100000
10101111101111110000000000000100
00100011101111010000000000001000
00001100000000000000000101000110
00100011101111011111111111111000
10001111101111110000000000000100
10001111101001000000000000000000
00100000100001000000000000000001
00001000000000000000000110000000
00000011111000000000000000001000
00100011101111010100000000000000
00100011100111000111110100000000
00100000000001000000000000000000
10101111101111110000000000000100
00100011101111010000000000001000
00001100000000000000000110000000
00100011101111011111111111111000
10001111101111110000000000000100
